$ 1 0.000005 10.20027730826997 50 5 43 5e-11
R 128 96 96 96 0 0 40 5 0 0 0.5
r 128 96 128 160 0 330
r 224 96 224 160 0 1000
c 224 160 128 160 4 0.00001 0.148299965618103 0.001 0
w 128 96 224 96 0
t 160 240 128 240 0 1 0.6173452236086847 0.6689752387747783 100 default
w 128 160 128 224 0
162 128 256 128 320 2 default-led 1 0 0 0.01
g 128 320 128 368 0 0
g 256 320 256 368 0 0
162 256 256 256 320 2 default-led 1 0 0 0.01
w 256 96 352 96 0
c 352 160 256 160 4 0.00001 -1.8647398570670566 0.001 0
r 352 96 352 160 0 1000
r 256 96 256 160 0 330
g 384 320 384 368 0 0
162 384 256 384 320 2 default-led 1 0 0 0.01
w 384 96 480 96 0
c 480 160 384 160 4 0.00001 0.6389905108213194 0.001 0
r 480 96 480 160 0 1000
r 384 96 384 160 0 330
w 256 160 256 224 0
w 384 160 384 224 0
w 224 96 256 96 0
w 352 96 384 96 0
t 224 240 256 240 0 1 -2.3260901391098665 0.5669943799669113 100 default
t 352 240 384 240 0 1 0.6312955348735476 0.669613184550172 100 default
w 160 240 480 160 0
w 224 160 224 240 0
w 352 160 352 240 0
